22
0 9 Margareta 1000 3 0 24 29
1 6 Sonkas 1300 4 0 4 24 29
2 9 Bolognais 1400 4 0 2 24 29
3 8 Szalamis 1500 5 0 8 19 24 29
4 8 Magyaros 1600 7 0 9 9 7 15 24 29
5 6 Hawaii 1500 5 0 4 16 24 29
6 7 Tavaszi 1500 5 0 4 13 24 29
7 7 Songoku 1500 5 4 14 13 24 29
8 7 Mexikoi 1650 7 0 4 13 17 31 24 29
9 5 Bacon 1550 6 0 7 7 15 24 29
10 5 Athen 1600 7 0 15 24 20 18 27 29
11 12 Csirkemelles 1600 5 1 12 16 24 29
12 6 Viking 1650 6 1 36 12 13 24 29
13 6 Diablo 1700 6 1 35 12 20 24 29
14 5 Texas 1600 5 1 7 26 32 29
15 6 Betyar 1850 8 1 3 4 8 24 20 22 29
16 9 Barbecues 1750 6 3 4 12 26 25 29
17 5 Dubai 1800 7 0 12 16 13 24 23 29
18 6 Huszar 1850 8 1 15 6 7 24 9 21 29
19 9 Tengeresz 1650 6 0 10 11 24 23 29
20 10 Negysajtos 1600 6 0 24 25 26 28 29
21 14 Max.5 kivansag 1100 3 0 24 29
